{"producer":{"name":"Blender","version":"3.4.1","exporter_version":"3.3.1","file":"Model0_1.babylon"},
"autoClear":true,"clearColor":[0.0509,0.0509,0.0509],"gravity":[0,-9.81,0],
"materials":[{"name":"rp_sophia_animated_003_mat","id":"rp_sophia_animated_003_mat","customType":"BABYLON.PBRMaterial","emissive":[0,0,0],"reflectivity":[1,1,1],"roughness":0.8586,"metallic":0, 
"albedoTexture":{"name":"rp_sophia_animated_003_dif.jpg","hasAlpha":false,"level":1,"coordinatesMode":0,"coordinatesIndex":0,"wrapU":1,"wrapV":1},"useAlphaFromAlbedoTexture":false}],
"skeletons":[{"name":"Armature","id":0,"dimensionsAtRest":[1.6513,1.6802,0.9716],"bones":[
{"name":"rp_sophia_animated_003_idling_root","index":0,"matrix":[1,0,0,0,0,0,-1,0,0,-1,0,0,0,0,0,1],"rest":[1,0,0,0,0,0,-1,0,0,-1,0,0,0,0,0,1],"parentBoneIndex":-1,"length":0.8446
,"animation":
{"name":"anim","property":"_matrix","dataType":3,"framePerSecond":30,"loopBehavior":1,"keys":[
{"frame":0,"values":[1,0,0,0,0,0,-1,0,0,-1,0,0,0,0,0,1]},
{"frame":611,"values":[1,0,0,0,0,0,-1,0,0,-1,0,0,0,0,0,1]},
{"frame":620,"values":[1,0,0,0,0,0,-1,0,0,-1,0,0,0,0,0,1]},
{"frame":621,"values":[1,0,0,0,0,0,-1,0,0,-1,0,0,0,0,0,1]}]}},
{"name":"rp_sophia_animated_003_idling_hip","index":1,"matrix":[0,0,-1,0,-1,0,0,0,0,1,0,0,-0.0347,-0.0618,-0.8416,1],"rest":[0,0,-1,0,-1,0,0,0,0,1,0,0,-0.0347,-0.0618,-0.8416,1],"parentBoneIndex":0,"length":0.097
,"animation":
{"name":"anim","property":"_matrix","dataType":3,"framePerSecond":30,"loopBehavior":1,"keys":[
{"frame":0,"values":[0.165,-0.113,-0.9798,0,-0.9682,-0.2078,-0.1391,0,-0.1879,0.9716,-0.1437,0,-0.0347,-0.0618,-0.8416,1]},
{"frame":1,"values":[0.1658,-0.1143,-0.9795,0,-0.9682,-0.2074,-0.1396,0,-0.1872,0.9715,-0.145,0,-0.0342,-0.0618,-0.8416,1]},
{"frame":2,"values":[0.1668,-0.1147,-0.9793,0,-0.9683,-0.2063,-0.1408,0,-0.1859,0.9717,-0.1455,0,-0.0338,-0.062,-0.8415,1]},
{"frame":3,"values":[0.168,-0.1146,-0.9791,0,-0.9685,-0.2042,-0.1423,0,-0.1837,0.9722,-0.1453,0,-0.0335,-0.0624,-0.8413,1]},
{"frame":4,"values":[0.1691,-0.1145,-0.9789,0,-0.9689,-0.2014,-0.1438,0,-0.1807,0.9728,-0.145,0,-0.0333,-0.0628,-0.8412,1]},
{"frame":5,"values":[0.1701,-0.1148,-0.9787,0,-0.9694,-0.1981,-0.1452,0,-0.1772,0.9734,-0.145,0,-0.0331,-0.0634,-0.8411,1]},
{"frame":6,"values":[0.171,-0.116,-0.9784,0,-0.9698,-0.1953,-0.1463,0,-0.1741,0.9738,-0.1459,0,-0.033,-0.064,-0.8411,1]},
{"frame":7,"values":[0.1715,-0.1176,-0.9781,0,-0.97,-0.1936,-0.1468,0,-0.1721,0.974,-0.1472,0,-0.033,-0.0646,-0.8411,1]},
{"frame":8,"values":[0.1717,-0.1184,-0.978,0,-0.9702,-0.1927,-0.147,0,-0.171,0.9741,-0.148,0,-0.0329,-0.0652,-0.8411,1]},
{"frame":9,"values":[0.1718,-0.1187,-0.978,0,-0.9703,-0.1918,-0.1472,0,-0.1702,0.9742,-0.1481,0,-0.033,-0.0658,-0.8412,1]},
{"frame":10,"values":[0.1717,-0.1189,-0.9779,0,-0.9705,-0.1907,-0.1472,0,-0.169,0.9744,-0.1482,0,-0.033,-0.0665,-0.8412,1]},
{"frame":11,"values":[0.1716,-0.1194,-0.9779,0,-0.9708,-0.1896,-0.1472,0,-0.1678,0.9746,-0.1484,0,-0.0331,-0.0671,-0.8412,1]},
{"frame":12,"values":[0.1715,-0.1202,-0.9778,0,-0.971,-0.1884,-0.1471,0,-0.1665,0.9747,-0.149,0,-0.0332,-0.0677,-0.8413,1]},
{"frame":13,"values":[0.1713,-0.1212,-0.9777,0,-0.9712,-0.1877,-0.1469,0,-0.1657,0.9747,-0.1499,0,-0.0333,-0.0682,-0.8413,1]},
{"frame":14,"values":[0.1712,-0.1222,-0.9776,0,-0.9711,-0.1883,-0.1465,0,-0.1662,0.9745,-0.1509,0,-0.0332,-0.0688,-0.8413,1]},
{"frame":15,"values":[0.1708,-0.1234,-0.9775,0,-0.9709,-0.1903,-0.1457,0,-0.1681,0.9739,-0.1523,0,-0.0332,-0.0692,-0.8414,1]},
{"frame":16,"values":[0.1705,-0.1245,-0.9775,0,-0.9704,-0.1935,-0.1446,0,-0.1711,0.9732,-0.1538,0,-0.0331,-0.0695,-0.8416,1]},
{"frame":17,"values":[0.1702,-0.1251,-0.9774,0,-0.9697,-0.1975,-0.1436,0,-0.1751,0.9723,-0.155,0,-0.033,-0.0698,-0.8417,1]},
{"frame":18,"values":[0.1701,-0.1259,-0.9774,0,-0.9691,-0.2013,-0.1427,0,-0.1788,0.9714,-0.1562,0,-0.0328,-0.0701,-0.8418,1]},
{"frame":19,"values":[0.17,-0.1267,-0.9773,0,-0.9686,-0.2041,-0.142,0,-0.1814,0.9707,-0.1574,0,-0.0326,-0.0703,-0.8419,1]},
{"frame":20,"values":[0.1699,-0.1269,-0.9772,0,-0.9683,-0.2057,-0.1416,0,-0.1831,0.9703,-0.1579,0,-0.0324,-0.0706,-0.842,1]},
{"frame":21,"values":[0.17,-0.127,-0.9772,0,-0.9682,-0.2065,-0.1415,0,-0.1838,0.9702,-0.1581,0,-0.0322,-0.0709,-0.8421,1]},
{"frame":22,"values":[0.1702,-0.1272,-0.9772,0,-0.9681,-0.2067,-0.1417,0,-0.184,0.9701,-0.1584,0,-0.032,-0.0712,-0.8421,1]},
{"frame":23,"values":[0.1705,-0.1276,-0.9771,0,-0.9681,-0.2067,-0.142,0,-0.1838,0.9701,-0.1588,0,-0.0319,-0.0715,-0.842,1]},
{"frame":24,"values":[0.1708,-0.128,-0.977,0,-0.9681,-0.206,-0.1423,0,-0.183,0.9701,-0.1591,0,-0.0318,-0.0719,-0.842,1]},
{"frame":25,"values":[0.171,-0.1283,-0.9769,0,-0.9683,-0.2049,-0.1426,0,-0.1819,0.9703,-0.1593,0,-0.0316,-0.0721,-0.842,1]},
{"frame":26,"values":[0.1709,-0.1292,-0.9768,0,-0.9685,-0.2041,-0.1425,0,-0.1809,0.9704,-0.16,0,-0.0315,-0.0724,-0.842,1]},
{"frame":27,"values":[0.1708,-0.1302,-0.9767,0,-0.9687,-0.2035,-0.1423,0,-0.1802,0.9704,-0.1609,0,-0.0313,-0.0725,-0.8421,1]},
{"frame":28,"values":[0.1708,-0.1311,-0.9765,0,-0.9688,-0.2032,-0.1422,0,-0.1798,0.9703,-0.1617,0,-0.0311,-0.0727,-0.8421,1]},
{"frame":29,"values":[0.1709,-0.1316,-0.9765,0,-0.9687,-0.2037,-0.1421,0,-0.1802,0.9702,-0.1623,0,-0.0309,-0.0728,-0.8421,1]},
{"frame":30,"values":[0.1711,-0.1319,-0.9764,0,-0.9684,-0.2049,-0.142,0,-0.1813,0.9699,-0.1628,0,-0.0307,-0.0729,-0.8422,1]},
{"frame":31,"values":[0.1713,-0.1325,-0.9763,0,-0.9681,-0.2068,-0.1418,0,-0.1831,0.9694,-0.1637,0,-0.0305,-0.0729,-0.8423,1]},
{"frame":32,"values":[0.1718,-0.1332,-0.9761,0,-0.9675,-0.2094,-0.1417,0,-0.1855,0.9687,-0.1648,0,-0.0302,-0.0728,-0.8423,1]},
{"frame":33,"values":[0.1724,-0.1337,-0.9759,0,-0.9669,-0.2119,-0.1418,0,-0.1879,0.9681,-0.1658,0,-0.03,-0.0727,-0.8423,1]},
{"frame":34,"values":[0.1732,-0.1337,-0.9758,0,-0.9664,-0.2139,-0.1423,0,-0.1897,0.9677,-0.1662,0,-0.0298,-0.0726,-0.8423,1]},
{"frame":35,"values":[0.1738,-0.1332,-0.9757,0,-0.966,-0.2155,-0.1427,0,-0.1912,0.9674,-0.1661,0,-0.0295,-0.0724,-0.8423,1]},
{"frame":36,"values":[0.1743,-0.1327,-0.9757,0,-0.9658,-0.2163,-0.1431,0,-0.1921,0.9673,-0.1658,0,-0.0293,-0.0722,-0.8423,1]},
{"frame":37,"values":[0.1747,-0.1324,-0.9757,0,-0.9658,-0.216,-0.1436,0,-0.1917,0.9674,-0.1656,0,-0.0291,-0.072,-0.8422,1]},
{"frame":38,"values":[0.1752,-0.1318,-0.9757,0,-0.966,-0.2144,-0.1445,0,-0.1901,0.9678,-0.1649,0,-0.0289,-0.0717,-0.8421,1]},
{"frame":39,"values":[0.1758,-0.1313,-0.9756,0,-0.9663,-0.2126,-0.1455,0,-0.1883,0.9683,-0.1643,0,-0.0286,-0.0713,-0.8421,1]},
{"frame":40,"values":[0.1762,-0.1309,-0.9756,0,-0.9665,-0.211,-0.1463,0,-0.1867,0.9687,-0.1637,0,-0.0283,-0.0708,-0.842,1]},
{"frame":41,"values":[0.1763,-0.1305,-0.9756,0,-0.9668,-0.2091,-0.1467,0,-0.1848,0.9691,-0.163,0,-0.0279,-0.0704,-0.842,1]},
{"frame":42,"values":[0.1763,-0.1302,-0.9757,0,-0.9673,-0.2064,-0.1472,0,-0.1822,0.9698,-0.1623,0,-0.0275,-0.0701,-0.842,1]},
{"frame":43,"values":[0.1763,-0.1299,-0.9757,0,-0.968,-0.203,-0.1478,0,-0.1789,0.9705,-0.1615,0,-0.0272,-0.0698,-0.842,1]},
{"frame":44,"values":[0.176,-0.1298,-0.9758,0,-0.9686,-0.1996,-0.1482,0,-0.1756,0.9712,-0.1608,0,-0.0269,-0.0698,-0.842,1]},
{"frame":45,"values":[0.1755,-0.1297,-0.9759,0,-0.9692,-0.1967,-0.1481,0,-0.1728,0.9718,-0.1602,0,-0.0266,-0.0698,-0.8421,1]},
{"frame":46,"values":[0.1747,-0.1298,-0.976,0,-0.9698,-0.194,-0.1478,0,-0.1702,0.9724,-0.1598,0,-0.0263,-0.0699,-0.8422,1]},
{"frame":47,"values":[0.174,-0.1301,-0.9761,0,-0.9705,-0.1909,-0.1476,0,-0.1671,0.973,-0.1595,0,-0.0261,-0.0702,-0.8422,1]},
{"frame":48,"values":[0.174,-0.1307,-0.976,0,-0.9712,-0.1867,-0.1481,0,-0.1629,0.9737,-0.1594,0,-0.0259,-0.0706,-0.8422,1]},
{"frame":49,"values":[0.1746,-0.1313,-0.9758,0,-0.9718,-0.1823,-0.1494,0,-0.1583,0.9744,-0.1595,0,-0.0257,-0.0711,-0.8421,1]},
{"frame":50,"values":[0.1755,-0.132,-0.9756,0,-0.9722,-0.1791,-0.1507,0,-0.1548,0.9749,-0.1598,0,-0.0255,-0.0715,-0.842,1]},
{"frame":51,"values":[0.1764,-0.1328,-0.9753,0,-0.9724,-0.1773,-0.1518,0,-0.1528,0.9752,-0.1604,0,-0.0253,-0.0717,-0.8418,1]},
{"frame":52,"values":[0.1771,-0.1336,-0.9751,0,-0.9724,-0.1766,-0.1524,0,-0.1519,0.9752,-0.1612,0,-0.0251,-0.0718,-0.8417,1]},
{"frame":53,"values":[0.1774,-0.1346,-0.9749,0,-0.9725,-0.1761,-0.1526,0,-0.1512,0.9751,-0.1621,0,-0.0249,-0.0718,-0.8417,1]},
{"frame":54,"values":[0.1774,-0.135,-0.9748,0,-0.9726,-0.1754,-0.1527,0,-0.1503,0.9752,-0.1624,0,-0.0248,-0.0718,-0.8417,1]},
{"frame":55,"values":[0.1772,-0.1348,-0.9749,0,-0.9728,-0.1744,-0.1527,0,-0.1494,0.9754,-0.1621,0,-0.0248,-0.0719,-0.8417,1]},
{"frame":56,"values":[0.177,-0.1343,-0.975,0,-0.9729,-0.1737,-0.1526,0,-0.1488,0.9756,-0.1614,0,-0.0248,-0.0719,-0.8417,1]},
{"frame":57,"values":[0.1766,-0.1339,-0.9751,0,-0.9729,-0.174,-0.1523,0,-0.1493,0.9756,-0.161,0,-0.0249,-0.0718,-0.8418,1]},
{"frame":58,"values":[0.1762,-0.1335,-0.9753,0,-0.9726,-0.1761,-0.1516,0,-0.1515,0.9753,-0.1608,0,-0.0249,-0.0716,-0.8419,1]},
{"frame":59,"values":[0.1759,-0.1329,-0.9754,0,-0.9722,-0.1793,-0.1508,0,-0.1549,0.9748,-0.1607,0,-0.025,-0.0713,-0.842,1]},
{"frame":60,"values":[0.1758,-0.1322,-0.9755,0,-0.9715,-0.1833,-0.1502,0,-0.1589,0.9741,-0.1607,0,-0.0251,-0.0709,-0.842,1]},
{"frame":61,"values":[0.176,-0.1315,-0.9756,0,-0.9708,-0.1874,-0.1498,0,-0.1631,0.9734,-0.1606,0,-0.0254,-0.0706,-0.842,1]},
{"frame":62,"values":[0.1763,-0.1309,-0.9756,0,-0.9701,-0.1913,-0.1496,0,-0.167,0.9728,-0.1607,0,-0.0257,-0.0702,-0.842,1]},
{"frame":63,"values":[0.1765,-0.1306,-0.9756,0,-0.9693,-0.1953,-0.1492,0,-0.171,0.972,-0.1611,0,-0.0262,-0.07,-0.842,1]},
{"frame":64,"values":[0.1765,-0.1303,-0.9756,0,-0.9685,-0.2001,-0.1485,0,-0.1758,0.9711,-0.1615,0,-0.0268,-0.0699,-0.842,1]},
{"frame":65,"values":[0.1764,-0.1302,-0.9757,0,-0.9676,-0.2049,-0.1476,0,-0.1807,0.9701,-0.1621,0,-0.0274,-0.07,-0.842,1]},
{"frame":66,"values":[0.1763,-0.1304,-0.9757,0,-0.967,-0.2082,-0.1469,0,-0.184,0.9693,-0.1628,0,-0.0278,-0.0703,-0.842,1]},
{"frame":67,"values":[0.1763,-0.1308,-0.9756,0,-0.9666,-0.2103,-0.1464,0,-0.1861,0.9688,-0.1635,0,-0.0282,-0.0707,-0.842,1]},
{"frame":68,"values":[0.176,-0.1312,-0.9756,0,-0.9663,-0.212,-0.1458,0,-0.1877,0.9684,-0.1641,0,-0.0285,-0.0711,-0.8421,1]},
{"frame":69,"values":[0.1754,-0.1317,-0.9756,0,-0.9661,-0.2137,-0.1448,0,-0.1895,0.968,-0.1647,0,-0.0288,-0.0715,-0.8421,1]},
{"frame":70,"values":[0.1749,-0.1322,-0.9757,0,-0.9659,-0.2154,-0.1439,0,-0.1912,0.9675,-0.1654,0,-0.029,-0.0719,-0.8422,1]},
{"frame":71,"values":[0.1744,-0.1326,-0.9757,0,-0.9658,-0.2162,-0.1433,0,-0.192,0.9673,-0.1658,0,-0.0292,-0.0722,-0.8423,1]},
{"frame":72,"values":[0.174,-0.133,-0.9757,0,-0.9659,-0.2158,-0.1428,0,-0.1916,0.9673,-0.166,0,-0.0294,-0.0724,-0.8423,1]},
{"frame":73,"values":[0.1734,-0.1335,-0.9758,0,-0.9663,-0.2144,-0.1424,0,-0.1902,0.9676,-0.1662,0,-0.0297,-0.0725,-0.8423,1]},
{"frame":74,"values":[0.1727,-0.1337,-0.9759,0,-0.9668,-0.2126,-0.142,0,-0.1884,0.968,-0.166,0,-0.0299,-0.0727,-0.8423,1]},
{"frame":75,"values":[0.172,-0.1334,-0.976,0,-0.9673,-0.2103,-0.1417,0,-0.1863,0.9685,-0.1652,0,-0.0302,-0.0728,-0.8423,1]},
{"frame":76,"values":[0.1715,-0.1328,-0.9762,0,-0.9679,-0.2076,-0.1418,0,-0.1839,0.9692,-0.1641,0,-0.0304,-0.0729,-0.8423,1]},
{"frame":77,"values":[0.1712,-0.1322,-0.9763,0,-0.9683,-0.2054,-0.142,0,-0.1818,0.9697,-0.1631,0,-0.0306,-0.0729,-0.8422,1]},
{"frame":78,"values":[0.171,-0.1317,-0.9764,0,-0.9686,-0.204,-0.1421,0,-0.1805,0.9701,-0.1625,0,-0.0309,-0.0728,-0.8422,1]},
{"frame":79,"values":[0.1708,-0.1313,-0.9765,0,-0.9687,-0.2033,-0.1422,0,-0.1798,0.9703,-0.1619,0,-0.031,-0.0727,-0.8421,1]},
{"frame":80,"values":[0.1709,-0.1306,-0.9766,0,-0.9687,-0.2033,-0.1423,0,-0.18,0.9704,-0.1612,0,-0.0312,-0.0726,-0.8421,1]},
{"frame":81,"values":[0.1709,-0.1296,-0.9767,0,-0.9686,-0.2038,-0.1425,0,-0.1806,0.9704,-0.1604,0,-0.0314,-0.0724,-0.842,1]},
{"frame":82,"values":[0.171,-0.1287,-0.9768,0,-0.9684,-0.2046,-0.1426,0,-0.1815,0.9704,-0.1596,0,-0.0316,-0.0722,-0.842,1]},
{"frame":83,"values":[0.1709,-0.1281,-0.9769,0,-0.9682,-0.2055,-0.1424,0,-0.1826,0.9702,-0.1592,0,-0.0317,-0.0719,-0.842,1]},
{"frame":84,"values":[0.1706,-0.1278,-0.977,0,-0.9681,-0.2064,-0.1421,0,-0.1835,0.9701,-0.1589,0,-0.0319,-0.0716,-0.842,1]},
{"frame":85,"values":[0.1703,-0.1274,-0.9771,0,-0.9681,-0.2067,-0.1418,0,-0.1839,0.9701,-0.1586,0,-0.032,-0.0713,-0.8421,1]},
{"frame":86,"values":[0.17,-0.1271,-0.9772,0,-0.9681,-0.2065,-0.1416,0,-0.1838,0.9701,-0.1582,0,-0.0321,-0.071,-0.8421,1]},
{"frame":87,"values":[0.1699,-0.127,-0.9772,0,-0.9683,-0.206,-0.1416,0,-0.1833,0.9703,-0.158,0,-0.0323,-0.0707,-0.842,1]},
{"frame":88,"values":[0.17,-0.1268,-0.9773,0,-0.9685,-0.2046,-0.1419,0,-0.182,0.9706,-0.1576,0,-0.0325,-0.0704,-0.8419,1]},
{"frame":89,"values":[0.17,-0.1262,-0.9773,0,-0.9689,-0.2022,-0.1424,0,-0.1797,0.9712,-0.1567,0,-0.0328,-0.0702,-0.8418,1]},
{"frame":90,"values":[0.1702,-0.1255,-0.9774,0,-0.9695,-0.1988,-0.1433,0,-0.1763,0.972,-0.1555,0,-0.033,-0.0699,-0.8417,1]},
{"frame":91,"values":[0.1704,-0.1248,-0.9774,0,-0.9702,-0.1948,-0.1442,0,-0.1724,0.9729,-0.1542,0,-0.0331,-0.0696,-0.8416,1]},
{"frame":92,"values":[0.1707,-0.1238,-0.9775,0,-0.9707,-0.1913,-0.1453,0,-0.169,0.9737,-0.1529,0,-0.0332,-0.0693,-0.8415,1]},
{"frame":93,"values":[0.1711,-0.1227,-0.9776,0,-0.9711,-0.1889,-0.1462,0,-0.1667,0.9743,-0.1515,0,-0.0332,-0.0689,-0.8414,1]},
{"frame":94,"values":[0.1713,-0.1216,-0.9777,0,-0.9712,-0.1877,-0.1468,0,-0.1657,0.9747,-0.1503,0,-0.0333,-0.0684,-0.8413,1]},
{"frame":95,"values":[0.1714,-0.1206,-0.9778,0,-0.9711,-0.188,-0.1471,0,-0.1661,0.9747,-0.1494,0,-0.0332,-0.0679,-0.8413,1]},
{"frame":96,"values":[0.1716,-0.1197,-0.9779,0,-0.9709,-0.1891,-0.1472,0,-0.1673,0.9746,-0.1487,0,-0.0331,-0.0673,-0.8412,1]},
{"frame":97,"values":[0.1717,-0.1191,-0.9779,0,-0.9706,-0.1903,-0.1472,0,-0.1685,0.9745,-0.1483,0,-0.0331,-0.0667,-0.8412,1]},
{"frame":98,"values":[0.1718,-0.1188,-0.9779,0,-0.9704,-0.1914,-0.1472,0,-0.1697,0.9743,-0.1482,0,-0.033,-0.066,-0.8412,1]},
{"frame":99,"values":[0.1717,-0.1186,-0.978,0,-0.9703,-0.1923,-0.1471,0,-0.1706,0.9741,-0.1481,0,-0.033,-0.0654,-0.8411,1]},
{"frame":100,"values":[0.1716,-0.118,-0.9781,0,-0.9701,-0.1931,-0.1469,0,-0.1716,0.9741,-0.1476,0,-0.033,-0.0648,-0.8411,1]},
{"frame":101,"values":[0.1712,-0.1167,-0.9783,0,-0.9699,-0.1946,-0.1465,0,-0.1733,0.9739,-0.1465,0,-0.033,-0.0642,-0.8411,1]},
{"frame":102,"values":[0.1704,-0.1153,-0.9786,0,-0.9695,-0.197,-0.1456,0,-0.176,0.9736,-0.1454,0,-0.0331,-0.0636,-0.8411,1]},
{"frame":103,"values":[0.1694,-0.1146,-0.9788,0,-0.9691,-0.2001,-0.1443,0,-0.1793,0.973,-0.145,0,-0.0332,-0.063,-0.8412,1]},
{"frame":104,"values":[0.1683,-0.1146,-0.979,0,-0.9687,-0.2032,-0.1428,0,-0.1825,0.9724,-0.1452,0,-0.0334,-0.0625,-0.8413,1]},
{"frame":105,"values":[0.1672,-0.1147,-0.9792,0,-0.9684,-0.2055,-0.1413,0,-0.1851,0.9719,-0.1455,0,-0.0337,-0.0621,-0.8414,1]},
{"frame":106,"values":[0.1661,-0.1145,-0.9794,0,-0.9683,-0.207,-0.14,0,-0.1867,0.9716,-0.1453,0,-0.0341,-0.0618,-0.8415,1]},
{"frame":107,"values":[0.1652,-0.1136,-0.9797,0,-0.9682,-0.2076,-0.1392,0,-0.1876,0.9716,-0.1443,0,-0.0346,-0.0618,-0.8416,1]},
{"frame":108,"values":[0.1648,-0.1123,-0.9799,0,-0.9682,-0.208,-0.139,0,-0.1882,0.9717,-0.143,0,-0.0351,-0.0619,-0.8416,1]},
{"frame":109,"values":[0.1649,-0.1111,-0.98,0,-0.968,-0.2088,-0.1393,0,-0.1891,0.9716,-0.142,0,-0.0357,-0.062,-0.8415,1]},
{"frame":110,"values":[0.1651,-0.1099,-0.9801,0,-0.9677,-0.2101,-0.1395,0,-0.1906,0.9715,-0.141,0,-0.0361,-0.0621,-0.8414,1]},
{"frame":111,"values":[0.1656,-0.1083,-0.9802,0,-0.9671,-0.2125,-0.1399,0,-0.1932,0.9711,-0.14,0,-0.0365,-0.0622,-0.8414,1]},
{"frame":112,"values":[0.1666,-0.1068,-0.9802,0,-0.9661,-0.2164,-0.1406,0,-0.1971,0.9704,-0.1392,0,-0.037,-0.0623,-0.8413,1]},
{"frame":113,"values":[0.1679,-0.1053,-0.9802,0,-0.9647,-0.2224,-0.1414,0,-0.2031,0.9693,-0.1389,0,-0.0372,-0.0625,-0.8413,1]},
{"frame":114,"values":[0.1694,-0.1036,-0.9801,0,-0.9626,-0.2308,-0.142,0,-0.2115,0.9675,-0.1388,0,-0.0374,-0.0628,-0.8413,1]},
{"frame":115,"values":[0.1713,-0.1014,-0.98,0,-0.9597,-0.2422,-0.1427,0,-0.2229,0.9649,-0.1388,0,-0.0375,-0.0631,-0.8412,1]},
{"frame":116,"values":[0.1731,-0.0987,-0.9799,0,-0.9561,-0.2559,-0.1431,0,-0.2366,0.9617,-0.1387,0,-0.0377,-0.0635,-0.8412,1]},
{"frame":117,"values":[0.1746,-0.096,-0.98,0,-0.952,-0.2706,-0.1431,0,-0.2514,0.9579,-0.1386,0,-0.0379,-0.064,-0.8413,1]},
{"frame":118,"values":[0.1754,-0.0939,-0.98,0,-0.948,-0.2847,-0.1424,0,-0.2656,0.954,-0.1389,0,-0.0382,-0.0645,-0.8415,1]},
{"frame":119,"values":[0.176,-0.0925,-0.98,0,-0.9444,-0.2968,-0.1416,0,-0.2778,0.9504,-0.1396,0,-0.0385,-0.065,-0.8418,1]},
{"frame":120,"values":[0.1768,-0.0918,-0.9799,0,-0.9414,-0.3062,-0.1412,0,-0.2871,0.9475,-0.1406,0,-0.0388,-0.0656,-0.842,1]},
{"frame":121,"values":[0.1781,-0.0916,-0.9797,0,-0.9392,-0.3129,-0.1414,0,-0.2936,0.9454,-0.1418,0,-0.039,-0.0662,-0.8422,1]},
{"frame":122,"values":[0.1798,-0.0906,-0.9795,0,-0.937,-0.319,-0.1425,0,-0.2995,0.9434,-0.1423,0,-0.0391,-0.0668,-0.8423,1]},
{"frame":123,"values":[0.1823,-0.0883,-0.9793,0,-0.9342,-0.3262,-0.1445,0,-0.3067,0.9412,-0.1419,0,-0.039,-0.0675,-0.8422,1]},
{"frame":124,"values":[0.1856,-0.0845,-0.979,0,-0.9306,-0.3349,-0.1476,0,-0.3154,0.9385,-0.1408,0,-0.0389,-0.0684,-0.842,1]},
{"frame":125,"values":[0.1897,-0.0794,-0.9786,0,-0.9264,-0.3446,-0.1516,0,-0.3251,0.9354,-0.139,0,-0.0388,-0.0693,-0.8417,1]},
{"frame":126,"values":[0.1942,-0.0739,-0.9782,0,-0.9216,-0.3555,-0.1562,0,-0.3362,0.9318,-0.1371,0,-0.0386,-0.0704,-0.8413,1]},
{"frame":127,"values":[0.1985,-0.0688,-0.9777,0,-0.9158,-0.3683,-0.1601,0,-0.349,0.9272,-0.1361,0,-0.0382,-0.0715,-0.8409,1]},
{"frame":128,"values":[0.2014,-0.0648,-0.9774,0,-0.9096,-0.3825,-0.1621,0,-0.3633,0.9217,-0.136,0,-0.0378,-0.0726,-0.8408,1]},
{"frame":129,"values":[0.2013,-0.0618,-0.9776,0,-0.9033,-0.3978,-0.1608,0,-0.3789,0.9154,-0.1358,0,-0.0373,-0.0735,-0.841,1]},
{"frame":130,"values":[0.1981,-0.0597,-0.9784,0,-0.8973,-0.4127,-0.1565,0,-0.3945,0.9089,-0.1353,0,-0.0365,-0.0742,-0.8416,1]},
{"frame":131,"values":[0.1942,-0.0593,-0.9792,0,-0.8926,-0.4246,-0.1513,0,-0.4068,0.9034,-0.1354,0,-0.0357,-0.0745,-0.8424,1]},
{"frame":132,"values":[0.1908,-0.0603,-0.9798,0,-0.8896,-0.4326,-0.1466,0,-0.4151,0.8995,-0.1362,0,-0.0351,-0.0746,-0.8433,1]},
{"frame":133,"values":[0.1877,-0.062,-0.9803,0,-0.8874,-0.4386,-0.1422,0,-0.4211,0.8965,-0.1373,0,-0.0348,-0.0746,-0.8441,1]},
{"frame":134,"values":[0.1866,-0.0644,-0.9803,0,-0.8849,-0.4445,-0.1392,0,-0.4268,0.8935,-0.1399,0,-0.0346,-0.0746,-0.8446,1]},
{"frame":135,"values":[0.1884,-0.0673,-0.9798,0,-0.8823,-0.4498,-0.1387,0,-0.4314,0.8906,-0.1441,0,-0.0344,-0.0746,-0.8448,1]},
{"frame":136,"values":[0.1923,-0.0703,-0.9788,0,-0.8809,-0.452,-0.1406,0,-0.4325,0.8893,-0.1488,0,-0.034,-0.0749,-0.8447,1]},
{"frame":137,"values":[0.1962,-0.0739,-0.9778,0,-0.882,-0.4489,-0.1431,0,-0.4284,0.8905,-0.1533,0,-0.0334,-0.0756,-0.8445,1]},
{"frame":138,"values":[0.1983,-0.0796,-0.9769,0,-0.8856,-0.4417,-0.1438,0,-0.42,0.8936,-0.1581,0,-0.0325,-0.0764,-0.8447,1]},
{"frame":139,"values":[0.1981,-0.0881,-0.9762,0,-0.8904,-0.4326,-0.1416,0,-0.4098,0.8973,-0.1642,0,-0.0312,-0.0769,-0.8453,1]},
{"frame":140,"values":[0.1956,-0.0987,-0.9757,0,-0.8958,-0.4229,-0.1368,0,-0.3991,0.9008,-0.1712,0,-0.0296,-0.0777,-0.8463,1]},
{"frame":141,"values":[0.1926,-0.11,-0.9751,0,-0.9012,-0.413,-0.1314,0,-0.3883,0.9041,-0.1787,0,-0.0278,-0.0788,-0.8471,1]},
{"frame":142,"values":[0.191,-0.1204,-0.9742,0,-0.9063,-0.4028,-0.1279,0,-0.377,0.9073,-0.1861,0,-0.0261,-0.0801,-0.8475,1]},
{"frame":143,"values":[0.1897,-0.1297,-0.9732,0,-0.9113,-0.3922,-0.1253,0,-0.3655,0.9107,-0.1926,0,-0.0244,-0.0813,-0.8478,1]},
{"frame":144,"values":[0.1869,-0.1387,-0.9725,0,-0.9167,-0.3806,-0.1218,0,-0.3533,0.9143,-0.1983,0,-0.0226,-0.0824,-0.8484,1]},
{"frame":145,"values":[0.1823,-0.1484,-0.972,0,-0.9226,-0.3677,-0.1169,0,-0.3401,0.918,-0.2039,0,-0.0207,-0.0831,-0.8491,1]},
{"frame":146,"values":[0.1761,-0.1583,-0.9716,0,-0.9289,-0.3535,-0.1108,0,-0.3259,0.9219,-0.2093,0,-0.0187,-0.0837,-0.8501,1]},
{"frame":147,"values":[0.1691,-0.1672,-0.9713,0,-0.9349,-0.3391,-0.1044,0,-0.3119,0.9258,-0.2136,0,-0.0166,-0.0842,-0.8511,1]},
{"frame":148,"values":[0.162,-0.1742,-0.9713,0,-0.9406,-0.3249,-0.0986,0,-0.2984,0.9296,-0.2164,0,-0.0146,-0.0848,-0.852,1]},
{"frame":149,"values":[0.1551,-0.1798,-0.9714,0,-0.9462,-0.3096,-0.0938,0,-0.2839,0.9337,-0.2182,0,-0.0127,-0.0854,-0.8528,1]},
{"frame":150,"values":[0.1489,-0.1843,-0.9715,0,-0.952,-0.2925,-0.0904,0,-0.2675,0.9383,-0.219,0,-0.0108,-0.0862,-0.8534,1]},
{"frame":151,"values":[0.1432,-0.1874,-0.9718,0,-0.9577,-0.2739,-0.0883,0,-0.2496,0.9433,-0.2186,0,-0.0091,-0.0871,-0.8537,1]},
{"frame":152,"values":[0.1369,-0.1899,-0.9722,0,-0.9634,-0.2539,-0.0861,0,-0.2305,0.9484,-0.2177,0,-0.0077,-0.0881,-0.8538,1]},
{"frame":153,"values":[0.1298,-0.1933,-0.9725,0,-0.9689,-0.2331,-0.083,0,-0.2106,0.9531,-0.2175,0,-0.0064,-0.0889,-0.8541,1]},
{"frame":154,"values":[0.1222,-0.1981,-0.9725,0,-0.974,-0.212,-0.0792,0,-0.1905,0.957,-0.2189,0,-0.0048,-0.0897,-0.8543,1]},
{"frame":155,"values":[0.1141,-0.2039,-0.9723,0,-0.9786,-0.1915,-0.0746,0,-0.171,0.9601,-0.2214,0,-0.0033,-0.0907,-0.8546,1]},
{"frame":156,"values":[0.1058,-0.2091,-0.9722,0,-0.9826,-0.1722,-0.0699,0,-0.1528,0.9626,-0.2236,0,-0.0019,-0.0921,-0.8546,1]},
{"frame":157,"values":[0.0989,-0.2123,-0.9722,0,-0.9856,-0.1553,-0.0664,0,-0.1369,0.9648,-0.2246,0,-0.0007,-0.0938,-0.8545,1]},
{"frame":158,"values":[0.095,-0.2139,-0.9722,0,-0.9877,-0.1422,-0.0653,0,-0.1243,0.9665,-0.2248,0,0.0004,-0.0955,-0.8542,1]},
{"frame":159,"values":[0.0948,-0.2153,-0.9719,0,-0.9889,-0.1328,-0.0671,0,-0.1146,0.9675,-0.2255,0,0.0019,-0.097,-0.8536,1]},
{"frame":160,"values":[0.0982,-0.2169,-0.9712,0,-0.9894,-0.126,-0.0719,0,-0.1068,0.968,-0.227,0,0.0035,-0.0983,-0.8528,1]},
{"frame":161,"values":[0.1046,-0.2178,-0.9704,0,-0.9895,-0.1207,-0.0796,0,-0.0998,0.9685,-0.2281,0,0.0052,-0.0994,-0.8519,1]},
{"frame":162,"values":[0.1124,-0.2169,-0.9697,0,-0.9892,-0.1164,-0.0887,0,-0.0936,0.9692,-0.2277,0,0.007,-0.1004,-0.8509,1]},
{"frame":163,"values":[0.1193,-0.2144,-0.9694,0,-0.9888,-0.114,-0.0965,0,-0.0898,0.9701,-0.2256,0,0.009,-0.101,-0.8501,1]},
{"frame":164,"values":[0.1228,-0.211,-0.9697,0,-0.9884,-0.1143,-0.1002,0,-0.0897,0.9708,-0.2226,0,0.0116,-0.1012,-0.85,1]},
{"frame":165,"values":[0.1212,-0.2071,-0.9708,0,-0.9883,-0.1164,-0.0985,0,-0.0926,0.9714,-0.2188,0,0.0147,-0.1009,-0.8505,1]},
{"frame":166,"values":[0.115,-0.2024,-0.9725,0,-0.9887,-0.1179,-0.0924,0,-0.0959,0.9722,-0.2136,0,0.0185,-0.1,-0.8515,1]},
{"frame":167,"values":[0.1075,-0.1965,-0.9746,0,-0.9894,-0.1171,-0.0856,0,-0.0973,0.9735,-0.207,0,0.0231,-0.0983,-0.8527,1]},
{"frame":168,"values":[0.1021,-0.1905,-0.9764,0,-0.9901,-0.1141,-0.0813,0,-0.0959,0.975,-0.2002,0,0.0284,-0.0959,-0.8537,1]},
{"frame":169,"values":[0.1007,-0.1859,-0.9774,0,-0.9906,-0.1102,-0.0811,0,-0.0927,0.9764,-0.1952,0,0.0341,-0.0929,-0.8542,1]},
{"frame":170,"values":[0.1034,-0.1829,-0.9777,0,-0.9907,-0.1068,-0.0848,0,-0.0889,0.9773,-0.1922,0,0.0398,-0.09,-0.8542,1]},
{"frame":171,"values":[0.1092,-0.1795,-0.9777,0,-0.9905,-0.1019,-0.092,0,-0.0831,0.9785,-0.189,0,0.0456,-0.0876,-0.8538,1]},
{"frame":172,"values":[0.1165,-0.1747,-0.9777,0,-0.9904,-0.0941,-0.1012,0,-0.0743,0.9801,-0.184,0,0.0518,-0.0858,-0.853,1]},
{"frame":173,"values":[0.1224,-0.1697,-0.9779,0,-0.9903,-0.0859,-0.109,0,-0.0655,0.9817,-0.1786,0,0.0584,-0.0839,-0.852,1]},
{"frame":174,"values":[0.1228,-0.1644,-0.9787,0,-0.9905,-0.0814,-0.1106,0,-0.0615,0.983,-0.1728,0,0.0659,-0.0817,-0.851,1]},
{"frame":175,"values":[0.115,-0.1577,-0.9808,0,-0.9912,-0.0832,-0.1028,0,-0.0654,0.984,-0.1659,0,0.0746,-0.0792,-0.8503,1]},
{"frame":176,"values":[0.1091,-0.1513,-0.9825,0,-0.9912,-0.0914,-0.096,0,-0.0752,0.9843,-0.1599,0,0.0844,-0.0762,-0.8509,1]},
{"frame":177,"values":[0.1028,-0.1489,-0.9835,0,-0.9909,-0.1014,-0.0882,0,-0.0866,0.9836,-0.158,0,0.0951,-0.0725,-0.852,1]},
{"frame":178,"values":[0.0957,-0.1508,-0.9839,0,-0.9908,-0.1091,-0.0796,0,-0.0954,0.9825,-0.1599,0,0.1064,-0.0683,-0.8533,1]},
{"frame":179,"values":[0.0875,-0.1527,-0.9844,0,-0.9908,-0.1158,-0.0701,0,-0.1033,0.9815,-0.1615,0,0.1181,-0.0644,-0.8545,1]},
{"frame":180,"values":[0.0788,-0.1526,-0.9851,0,-0.9904,-0.1242,-0.06,0,-0.1132,0.9804,-0.161,0,0.1298,-0.061,-0.8556,1]},
{"frame":181,"values":[0.0707,-0.1518,-0.9859,0,-0.9895,-0.1358,-0.05,0,-0.1263,0.979,-0.1598,0,0.1416,-0.0579,-0.8562,1]},
{"frame":182,"values":[0.0632,-0.151,-0.9865,0,-0.9878,-0.1505,-0.0402,0,-0.1424,0.977,-0.1587,0,0.1529,-0.0549,-0.8562,1]},
{"frame":183,"values":[0.0549,-0.1503,-0.9871,0,-0.9856,-0.1666,-0.0294,0,-0.1601,0.9745,-0.1573,0,0.1639,-0.0523,-0.8558,1]},
{"frame":184,"values":[0.044,-0.1506,-0.9876,0,-0.9832,-0.182,-0.0161,0,-0.1773,0.9717,-0.1561,0,0.1747,-0.0505,-0.8552,1]},
{"frame":185,"values":[0.0311,-0.1538,-0.9876,0,-0.9805,-0.1964,-0.0003,0,-0.1939,0.9684,-0.157,0,0.1854,-0.0491,-0.8544,1]},
{"frame":186,"values":[0.0176,-0.1595,-0.987,0,-0.9774,-0.2107,0.0166,0,-0.2106,0.9645,-0.1596,0,0.196,-0.0476,-0.8536,1]},
{"frame":187,"values":[0.0045,-0.166,-0.9861,0,-0.9737,-0.2252,0.0335,0,-0.2276,0.9601,-0.1626,0,0.207,-0.0459,-0.8528,1]},
{"frame":188,"values":[-0.0079,-0.1735,-0.9848,0,-0.9698,-0.2388,0.0499,0,-0.2439,0.9554,-0.1663,0,0.2185,-0.0441,-0.8521,1]},
{"frame":189,"values":[-0.0192,-0.182,-0.9831,0,-0.9663,-0.2491,0.065,0,-0.2567,0.9512,-0.1711,0,0.23,-0.0429,-0.8515,1]},
{"frame":190,"values":[-0.0291,-0.1908,-0.9812,0,-0.9638,-0.2549,0.0781,0,-0.265,0.948,-0.1765,0,0.2413,-0.0425,-0.8507,1]},
{"frame":191,"values":[-0.0377,-0.1994,-0.9792,0,-0.962,-0.2579,0.0896,0,-0.2704,0.9454,-0.1821,0,0.2526,-0.0422,-0.8497,1]},
{"frame":192,"values":[-0.0439,-0.2072,-0.9773,0,-0.9603,-0.2609,0.0984,0,-0.2754,0.9429,-0.1876,0,0.2641,-0.0419,-0.849,1]},
{"frame":193,"values":[-0.0465,-0.2134,-0.9759,0,-0.9586,-0.2651,0.1036,0,-0.2808,0.9403,-0.1922,0,0.2755,-0.0423,-0.8488,1]},
{"frame":194,"values":[-0.0466,-0.2173,-0.975,0,-0.9569,-0.2703,0.106,0,-0.2866,0.9379,-0.1954,0,0.2864,-0.0436,-0.8489,1]},
{"frame":195,"values":[-0.0456,-0.2188,-0.9747,0,-0.9553,-0.2758,0.1066,0,-0.2921,0.936,-0.1964,0,0.2968,-0.0455,-0.849,1]},
{"frame":196,"values":[-0.0443,-0.2179,-0.975,0,-0.954,-0.2806,0.106,0,-0.2967,0.9348,-0.1954,0,0.3065,-0.0479,-0.8491,1]},
{"frame":197,"values":[-0.0423,-0.2152,-0.9757,0,-0.9531,-0.2843,0.104,0,-0.2997,0.9343,-0.193,0,0.3155,-0.0504,-0.8491,1]},
{"frame":198,"values":[-0.0394,-0.2112,-0.9767,0,-0.9526,-0.2872,0.1005,0,-0.3018,0.9343,-0.1898,0,0.3235,-0.0529,-0.8492,1]},
{"frame":199,"values":[-0.0356,-0.2065,-0.9778,0,-0.9519,-0.291,0.0961,0,-0.3044,0.9342,-0.1862,0,0.3306,-0.0551,-0.8494,1]},
{"frame":200,"values":[-0.0319,-0.2024,-0.9788,0,-0.9503,-0.2974,0.0925,0,-0.3098,0.9331,-0.1829,0,0.3369,-0.0569,-0.8496,1]},
{"frame":201,"values":[-0.0297,-0.1991,-0.9795,0,-0.9476,-0.3063,0.0909,0,-0.3181,0.9309,-0.1796,0,0.3427,-0.0583,-0.8496,1]},
{"frame":202,"values":[-0.0297,-0.1962,-0.9801,0,-0.9445,-0.3154,0.0917,0,-0.3271,0.9285,-0.176,0,0.3481,-0.0596,-0.8495,1]},
{"frame":203,"values":[-0.0313,-0.1944,-0.9804,0,-0.9421,-0.322,0.0939,0,-0.3339,0.9266,-0.173,0,0.3531,-0.0606,-0.8494,1]},
{"frame":204,"values":[-0.0337,-0.1938,-0.9805,0,-0.9408,-0.325,0.0966,0,-0.3374,0.9256,-0.1713,0,0.3576,-0.0613,-0.8492,1]},
{"frame":205,"values":[-0.0368,-0.194,-0.9803,0,-0.9405,-0.3247,0.0996,0,-0.3377,0.9257,-0.1705,0,0.3615,-0.062,-0.849,1]},
{"frame":206,"values":[-0.0414,-0.1947,-0.98,0,-0.9412,-0.3216,0.1037,0,-0.3354,0.9266,-0.1699,0,0.365,-0.0624,-0.8485,1]},
{"frame":207,"values":[-0.048,-0.1963,-0.9794,0,-0.9421,-0.3169,0.1097,0,-0.3319,0.9279,-0.1698,0,0.3681,-0.0627,-0.8477,1]},
{"frame":208,"values":[-0.0555,-0.1985,-0.9785,0,-0.9428,-0.3123,0.1169,0,-0.3288,0.929,-0.1698,0,0.3708,-0.0631,-0.8466,1]},
{"frame":209,"values":[-0.0621,-0.1994,-0.9779,0,-0.9431,-0.3091,0.1229,0,-0.3268,0.9299,-0.1689,0,0.3731,-0.0638,-0.8457,1]},
{"frame":210,"values":[-0.0669,-0.1982,-0.9779,0,-0.9432,-0.3072,0.1268,0,-0.3255,0.9308,-0.1664,0,0.3751,-0.0649,-0.8452,1]},
{"frame":211,"values":[-0.07,-0.1957,-0.9782,0,-0.9431,-0.3066,0.1288,0,-0.3251,0.9315,-0.1631,0,0.3769,-0.0661,-0.8449,1]},
{"frame":212,"values":[-0.0713,-0.1928,-0.9786,0,-0.9428,-0.3073,0.1292,0,-0.3257,0.9319,-0.1599,0,0.3785,-0.0672,-0.8448,1]},
{"frame":213,"values":[-0.0712,-0.1901,-0.9792,0,-0.9423,-0.3091,0.1285,0,-0.3271,0.9318,-0.1572,0,0.3798,-0.0681,-0.8448,1]},
{"frame":214,"values":[-0.07,-0.1879,-0.9797,0,-0.9417,-0.3116,0.1271,0,-0.3291,0.9314,-0.1552,0,0.3809,-0.0689,-0.8448,1]},
{"frame":215,"values":[-0.0679,-0.1865,-0.9801,0,-0.9408,-0.315,0.1252,0,-0.3321,0.9306,-0.1541,0,0.3818,-0.0694,-0.8449,1]},
{"frame":216,"values":[-0.0654,-0.1863,-0.9803,0,-0.9396,-0.3192,0.1233,0,-0.3359,0.9292,-0.1542,0,0.3825,-0.0697,-0.845,1]},
{"frame":217,"values":[-0.063,-0.1874,-0.9803,0,-0.9383,-0.3236,0.1222,0,-0.3401,0.9274,-0.1555,0,0.3829,-0.0696,-0.845,1]},
{"frame":218,"values":[-0.0608,-0.1895,-0.98,0,-0.9367,-0.3282,0.1216,0,-0.3447,0.9254,-0.1575,0,0.3832,-0.0694,-0.845,1]},
{"frame":219,"values":[-0.0583,-0.1928,-0.9795,0,-0.9351,-0.3329,0.1212,0,-0.3494,0.923,-0.1609,0,0.3834,-0.069,-0.845,1]},
{"frame":220,"values":[-0.0552,-0.1976,-0.9787,0,-0.9338,-0.3369,0.1207,0,-0.3536,0.9206,-0.1659,0,0.3838,-0.0685,-0.8449,1]},
{"frame":221,"values":[-0.0523,-0.2026,-0.9779,0,-0.9331,-0.3389,0.1201,0,-0.3557,0.9188,-0.1713,0,0.3843,-0.068,-0.8448,1]},
{"frame":222,"values":[-0.0491,-0.208,-0.9769,0,-0.9337,-0.3378,0.1189,0,-0.3547,0.918,-0.1776,0,0.3845,-0.0674,-0.8448,1]},
{"frame":223,"values":[-0.0457,-0.2133,-0.9759,0,-0.9358,-0.3328,0.1166,0,-0.3496,0.9186,-0.1844,0,0.3847,-0.0667,-0.8448,1]},
{"frame":224,"values":[-0.0447,-0.2157,-0.9754,0,-0.9391,-0.324,0.1147,0,-0.3407,0.9211,-0.1881,0,0.3854,-0.0664,-0.8449,1]},
{"frame":225,"values":[-0.0445,-0.2151,-0.9756,0,-0.9428,-0.314,0.1123,0,-0.3305,0.9247,-0.1888,0,0.3862,-0.0663,-0.8451,1]},
{"frame":226,"values":[-0.0432,-0.2149,-0.9757,0,-0.9459,-0.3055,0.1092,0,-0.3216,0.9276,-0.1901,0,0.3869,-0.0666,-0.8456,1]},
{"frame":227,"values":[-0.043,-0.2172,-0.9752,0,-0.9485,-0.2977,0.1082,0,-0.3139,0.9296,-0.1932,0,0.3879,-0.0674,-0.8457,1]},
{"frame":228,"values":[-0.0449,-0.2209,-0.9743,0,-0.9508,-0.2898,0.1095,0,-0.3066,0.9312,-0.197,0,0.3892,-0.0687,-0.8454,1]},
{"frame":229,"values":[-0.0473,-0.2238,-0.9735,0,-0.9529,-0.2822,0.1112,0,-0.2996,0.9329,-0.1999,0,0.3908,-0.0701,-0.845,1]},
{"frame":230,"values":[-0.0505,-0.2255,-0.9729,0,-0.9546,-0.2753,0.1134,0,-0.2935,0.9345,-0.2014,0,0.3922,-0.0714,-0.8446,1]},
{"frame":231,"values":[-0.0552,-0.2261,-0.9725,0,-0.9558,-0.2697,0.117,0,-0.2887,0.936,-0.2012,0,0.3935,-0.0724,-0.8442,1]},
{"frame":232,"values":[-0.0605,-0.2267,-0.9721,0,-0.9563,-0.2659,0.1215,0,-0.286,0.937,-0.2007,0,0.3945,-0.0734,-0.8437,1]},
{"frame":233,"values":[-0.0643,-0.23,-0.9711,0,-0.9562,-0.2643,0.126,0,-0.2856,0.9366,-0.203,0,0.3952,-0.074,-0.8431,1]},
{"frame":234,"values":[-0.0677,-0.2373,-0.9691,0,-0.9554,-0.2645,0.1315,0,-0.2875,0.9347,-0.2088,0,0.3957,-0.0741,-0.8423,1]},
{"frame":235,"values":[-0.0724,-0.2464,-0.9665,0,-0.9538,-0.2661,0.1393,0,-0.2915,0.9319,-0.2157,0,0.3962,-0.0739,-0.8413,1]},
{"frame":236,"values":[-0.0774,-0.2532,-0.9643,0,-0.9519,-0.2687,0.147,0,-0.2963,0.9294,-0.2202,0,0.3967,-0.0733,-0.8404,1]},
{"frame":237,"values":[-0.0811,-0.2563,-0.9632,0,-0.9502,-0.2718,0.1523,0,-0.3008,0.9276,-0.2215,0,0.3969,-0.0724,-0.8399,1]},
{"frame":238,"values":[-0.0832,-0.2562,-0.963,0,-0.9494,-0.2735,0.1548,0,-0.303,0.9271,-0.2205,0,0.3964,-0.0718,-0.8399,1]},
{"frame":239,"values":[-0.0848,-0.2527,-0.9638,0,-0.9499,-0.2714,0.1548,0,-0.3007,0.9287,-0.2171,0,0.3951,-0.0717,-0.8403,1]},
{"frame":240,"values":[-0.0863,-0.2473,-0.9651,0,-0.952,-0.2651,0.1531,0,-0.2938,0.932,-0.2125,0,0.3931,-0.0718,-0.841,1]},
{"frame":241,"values":[-0.0869,-0.2428,-0.9662,0,-0.9547,-0.2567,0.1504,0,-0.2845,0.9355,-0.2095,0,0.3911,-0.0715,-0.8417,1]},
{"frame":242,"values":[-0.0864,-0.2406,-0.9668,0,-0.9574,-0.2481,0.1474,0,-0.2754,0.9384,-0.209,0,0.3891,-0.0703,-0.8422,1]},
{"frame":243,"values":[-0.0854,-0.2407,-0.9668,0,-0.9597,-0.2407,0.1447,0,-0.2676,0.9403,-0.2104,0,0.3876,-0.0687,-0.8427,1]},
{"frame":244,"values":[-0.0846,-0.2423,-0.9665,0,-0.9615,-0.2345,0.1429,0,-0.2613,0.9414,-0.2132,0,0.3867,-0.0672,-0.8429,1]},
{"frame":245,"values":[-0.0839,-0.2455,-0.9658,0,-0.963,-0.2291,0.1419,0,-0.2561,0.9419,-0.2172,0,0.3862,-0.0658,-0.843,1]},
{"frame":246,"values":[-0.085,-0.25,-0.9645,0,-0.9639,-0.2244,0.1431,0,-0.2522,0.9419,-0.2219,0,0.3859,-0.0643,-0.8431,1]},
{"frame":247,"values":[-0.086,-0.2543,-0.9633,0,-0.9647,-0.2204,0.1443,0,-0.249,0.9417,-0.2264,0,0.3859,-0.0629,-0.8429,1]},
{"frame":248,"values":[-0.0869,-0.2579,-0.9623,0,-0.9653,-0.2169,0.1453,0,-0.2462,0.9415,-0.2301,0,0.386,-0.0615,-0.8425,1]},
{"frame":249,"values":[-0.0873,-0.2607,-0.9615,0,-0.9663,-0.2125,0.1454,0,-0.2422,0.9417,-0.2333,0,0.3862,-0.0601,-0.8423,1]},
{"frame":250,"values":[-0.0875,-0.2625,-0.961,0,-0.968,-0.2056,0.1443,0,-0.2354,0.9428,-0.2361,0,0.3862,-0.0586,-0.8422,1]},
{"frame":251,"values":[-0.0873,-0.2631,-0.9608,0,-0.9704,-0.1958,0.1417,0,-0.2254,0.9447,-0.2382,0,0.3863,-0.057,-0.8422,1]},
{"frame":252,"values":[-0.0873,-0.2625,-0.961,0,-0.9731,-0.1841,0.1387,0,-0.2133,0.9472,-0.2393,0,0.3864,-0.0552,-0.8423,1]},
{"frame":253,"values":[-0.0884,-0.2612,-0.9612,0,-0.9756,-0.172,0.1365,0,-0.201,0.9498,-0.2396,0,0.3868,-0.0535,-0.8423,1]},
{"frame":254,"values":[-0.0905,-0.2598,-0.9614,0,-0.9776,-0.1611,0.1356,0,-0.1902,0.9521,-0.2394,0,0.3873,-0.0519,-0.8422,1]},
{"frame":255,"values":[-0.0935,-0.2583,-0.9615,0,-0.979,-0.1516,0.136,0,-0.1809,0.9541,-0.2387,0,0.3878,-0.0502,-0.842,1]},
{"frame":256,"values":[-0.0973,-0.2566,-0.9616,0,-0.9803,-0.1423,0.1372,0,-0.1721,0.956,-0.2377,0,0.3885,-0.0484,-0.8416,1]},
{"frame":257,"values":[-0.1013,-0.2552,-0.9616,0,-0.9816,-0.1318,0.1384,0,-0.162,0.9579,-0.2371,0,0.3893,-0.0468,-0.8412,1]},
{"frame":258,"values":[-0.1051,-0.2539,-0.9615,0,-0.9831,-0.1195,0.139,0,-0.1501,0.9598,-0.237,0,0.39,-0.0453,-0.8408,1]},
{"frame":259,"values":[-0.1085,-0.2519,-0.9617,0,-0.9846,-0.106,0.1388,0,-0.1369,0.9619,-0.2365,0,0.3906,-0.0441,-0.8405,1]},
{"frame":260,"values":[-0.111,-0.249,-0.9621,0,-0.986,-0.0937,0.138,0,-0.1245,0.964,-0.2352,0,0.3914,-0.0433,-0.8404,1]},
{"frame":261,"values":[-0.1126,-0.2461,-0.9627,0,-0.9871,-0.0833,0.1368,0,-0.1139,0.9656,-0.2336,0,0.392,-0.0427,-0.8403,1]},
{"frame":262,"values":[-0.1136,-0.2439,-0.9631,0,-0.9878,-0.0757,0.1357,0,-0.106,0.9668,-0.2324,0,0.3926,-0.0423,-0.8403,1]},
{"frame":263,"values":[-0.1141,-0.2428,-0.9633,0,-0.9883,-0.0709,0.1349,0,-0.101,0.9675,-0.2319,0,0.3932,-0.042,-0.8404,1]},
{"frame":264,"values":[-0.1139,-0.2426,-0.9634,0,-0.9886,-0.0686,0.1342,0,-0.0986,0.9677,-0.2321,0,0.3938,-0.0419,-0.8403,1]},
{"frame":265,"values":[-0.1133,-0.243,-0.9634,0,-0.9886,-0.0688,0.1336,0,-0.0987,0.9676,-0.2325,0,0.3944,-0.0419,-0.8403,1]},
{"frame":266,"values":[-0.1122,-0.2439,-0.9633,0,-0.9885,-0.0713,0.1332,0,-0.1012,0.9672,-0.2331,0,0.395,-0.042,-0.8403,1]},
{"frame":267,"values":[-0.1108,-0.245,-0.9632,0,-0.9882,-0.0761,0.133,0,-0.1059,0.9665,-0.2337,0,0.3956,-0.042,-0.8402,1]},
{"frame":268,"values":[-0.1089,-0.2466,-0.963,0,-0.9877,-0.0828,0.1329,0,-0.1125,0.9656,-0.2345,0,0.3962,-0.042,-0.84,1]},
{"frame":269,"values":[-0.1066,-0.2485,-0.9628,0,-0.9869,-0.0911,0.1328,0,-0.1207,0.9643,-0.2355,0,0.3968,-0.0421,-0.8399,1]},
{"frame":270,"values":[-0.1041,-0.2504,-0.9625,0,-0.986,-0.1004,0.1328,0,-0.1299,0.9629,-0.2364,0,0.3974,-0.0422,-0.8398,1]},
{"frame":271,"values":[-0.1013,-0.2523,-0.9623,0,-0.985,-0.1104,0.1327,0,-0.1397,0.9613,-0.2373,0,0.398,-0.0425,-0.8397,1]},
{"frame":272,"values":[-0.0984,-0.2541,-0.9622,0,-0.9838,-0.1205,0.1324,0,-0.1496,0.9597,-0.2381,0,0.3985,-0.0428,-0.8395,1]},
{"frame":273,"values":[-0.0959,-0.2555,-0.962,0,-0.9827,-0.1297,0.1324,0,-0.1586,0.9581,-0.2386,0,0.399,-0.0433,-0.8394,1]},
{"frame":274,"values":[-0.094,-0.2568,-0.9619,0,-0.9816,-0.1376,0.1327,0,-0.1665,0.9566,-0.2391,0,0.3995,-0.0439,-0.8393,1]},
{"frame":275,"values":[-0.0926,-0.258,-0.9617,0,-0.9806,-0.1437,0.133,0,-0.1725,0.9554,-0.2397,0,0.4,-0.0446,-0.8391,1]},
{"frame":276,"values":[-0.0918,-0.2591,-0.9615,0,-0.98,-0.1478,0.1333,0,-0.1766,0.9545,-0.2403,0,0.4005,-0.0454,-0.8391,1]},
{"frame":277,"values":[-0.0915,-0.2599,-0.9613,0,-0.9796,-0.1501,0.1338,0,-0.1791,0.9539,-0.2408,0,0.401,-0.0462,-0.8389,1]},
{"frame":278,"values":[-0.0919,-0.2605,-0.9611,0,-0.9793,-0.1509,0.1346,0,-0.1801,0.9536,-0.2412,0,0.4015,-0.0471,-0.8388,1]},
{"frame":279,"values":[-0.0929,-0.2608,-0.9609,0,-0.9793,-0.1505,0.1355,0,-0.18,0.9536,-0.2414,0,0.402,-0.048,-0.8386,1]},
{"frame":280,"values":[-0.0942,-0.261,-0.9607,0,-0.9794,-0.1486,0.1364,0,-0.1783,0.9538,-0.2416,0,0.4024,-0.0489,-0.8385,1]},
{"frame":281,"values":[-0.0957,-0.2611,-0.9606,0,-0.9798,-0.1453,0.1371,0,-0.1753,0.9543,-0.2419,0,0.4028,-0.0497,-0.8383,1]},
{"frame":282,"values":[-0.0971,-0.2611,-0.9604,0,-0.9804,-0.1412,0.1375,0,-0.1715,0.9549,-0.2423,0,0.4032,-0.0505,-0.8383,1]},
{"frame":283,"values":[-0.0979,-0.261,-0.9604,0,-0.9808,-0.1384,0.1376,0,-0.1688,0.9554,-0.2424,0,0.4033,-0.0509,-0.8383,1]},
{"frame":284,"values":[-0.0981,-0.2608,-0.9604,0,-0.981,-0.1372,0.1375,0,-0.1676,0.9556,-0.2424,0,0.4031,-0.0509,-0.8383,1]},
{"frame":285,"values":[-0.0982,-0.2606,-0.9604,0,-0.9812,-0.1358,0.1372,0,-0.1662,0.9559,-0.2423,0,0.4029,-0.0509,-0.8384,1]},
{"frame":286,"values":[-0.0983,-0.2604,-0.9605,0,-0.9815,-0.1342,0.1368,0,-0.1646,0.9561,-0.2424,0,0.4027,-0.0509,-0.8385,1]},
{"frame":287,"values":[-0.0982,-0.2602,-0.9606,0,-0.9818,-0.1325,0.1362,0,-0.1627,0.9564,-0.2424,0,0.4024,-0.0509,-0.8386,1]},
{"frame":288,"values":[-0.098,-0.2596,-0.9607,0,-0.9821,-0.131,0.1356,0,-0.161,0.9568,-0.2421,0,0.4021,-0.0508,-0.8387,1]},
{"frame":289,"values":[-0.0978,-0.259,-0.9609,0,-0.9823,-0.1297,0.135,0,-0.1596,0.9571,-0.2418,0,0.4018,-0.0507,-0.8388,1]},
{"frame":290,"values":[-0.0976,-0.2586,-0.961,0,-0.9825,-0.1286,0.1344,0,-0.1584,0.9574,-0.2416,0,0.4015,-0.0505,-0.8389,1]},
{"frame":291,"values":[-0.0973,-0.2584,-0.9611,0,-0.9828,-0.1275,0.1338,0,-0.1571,0.9576,-0.2415,0,0.4012,-0.0504,-0.839,1]},
{"frame":292,"values":[-0.097,-0.2584,-0.9612,0,-0.983,-0.1264,0.1332,0,-0.1559,0.9577,-0.2418,0,0.4009,-0.0502,-0.8391,1]},
{"frame":293,"values":[-0.0968,-0.2586,-0.9611,0,-0.9832,-0.1253,0.1328,0,-0.1548,0.9578,-0.2422,0,0.4005,-0.0501,-0.8391,1]},
{"frame":294,"values":[-0.0974,-0.2589,-0.961,0,-0.9832,-0.1245,0.1332,0,-0.1541,0.9579,-0.2424,0,0.4003,-0.05,-0.839,1]},
{"frame":295,"values":[-0.0983,-0.2591,-0.9608,0,-0.9832,-0.1238,0.134,0,-0.1537,0.9579,-0.2426,0,0.4,-0.0499,-0.839,1]},
{"frame":296,"values":[-0.0993,-0.2594,-0.9607,0,-0.9832,-0.1232,0.1349,0,-0.1533,0.9579,-0.2428,0,0.3998,-0.0499,-0.8389,1]},
{"frame":297,"values":[-0.1,-0.2596,-0.9605,0,-0.9832,-0.1224,0.1355,0,-0.1527,0.9579,-0.243,0,0.3995,-0.0498,-0.8389,1]},
{"frame":298,"values":[-0.1005,-0.2595,-0.9605,0,-0.9833,-0.1213,0.1357,0,-0.1517,0.9581,-0.2429,0,0.3992,-0.0498,-0.8391,1]},
{"frame":299,"values":[-0.1007,-0.2591,-0.9606,0,-0.9834,-0.1203,0.1356,0,-0.1507,0.9583,-0.2427,0,0.3989,-0.0498,-0.8392,1]},
{"frame":300,"values":[-0.1009,-0.2588,-0.9607,0,-0.9835,-0.1199,0.1356,0,-0.1502,0.9585,-0.2424,0,0.3987,-0.0498,-0.8393,1]},
{"frame":301,"values":[-0.1011,-0.2586,-0.9607,0,-0.9835,-0.1198,0.1358,0,-0.1502,0.9585,-0.2422,0,0.3985,-0.0499,-0.8394,1]},
{"frame":302,"values":[-0.1015,-0.2587,-0.9606,0,-0.9834,-0.12,0.1362,0,-0.1505,0.9585,-0.2422,0,0.3984,-0.0501,-0.8394,1]},
{"frame":303,"values":[-0.1019,-0.2591,-0.9605,0,-0.9833,-0.1203,0.1368,0,-0.151,0.9583,-0.2425,0,0.3983,-0.0501,-0.8394,1]},
{"frame":304,"values":[-0.1022,-0.2599,-0.9602,0,-0.9831,-0.1209,0.1373,0,-0.1518,0.958,-0.2432,0,0.3983,-0.0502,-0.8393,1]},
{"frame":305,"values":[-0.1024,-0.2608,-0.9599,0,-0.9829,-0.1218,0.1379,0,-0.1529,0.9577,-0.2439,0,0.3982,-0.0503,-0.8392,1]},
